P	C	A	G	I	L	V	M	F	W	P	C	S	T	Y	N	Q	H	K	R	D	E	
1	A	4	-1	-2	-2	-2	-2	-1	-1	-2	-2	0	-1	4	-2	-1	5	-2	-2	-3	-2	
2	F	-3	-4	-1	0	-2	-1	8	0	-5	-3	-3	-3	3	-4	-4	-2	-4	-4	-4	-4	
3	P	-2	-3	-4	-4	-3	-3	-5	-5	8	-4	-2	-2	-4	-3	-2	-3	-2	-3	-2	-2	
4	D	-1	3	-3	-3	-3	-3	-4	-4	-2	-3	2	2	-3	0	-1	-2	-1	-2	3	-1	
5	A	5	-1	-2	-2	-1	-2	-3	-3	-2	-1	1	3	-2	-2	-1	-2	-1	-2	-2	-2	
6	L	2	-3	0	3	0	4	-1	-3	-3	-2	-2	-1	-2	-3	-2	-3	-2	-3	-4	-3	
7	T	-1	4	-3	-3	-2	-2	-3	-3	-2	-2	0	4	-3	-1	-2	-3	-2	-2	-2	-2	
8	N	-2	-2	0	-1	3	-1	-3	-4	-3	-2	-1	-1	-2	5	-2	-1	-2	-2	-1	-2	
9	D	2	-2	-3	-4	-3	-3	-4	-5	-2	-3	0	-1	-3	0	-1	-2	-1	-2	6	0	
10	D	-2	-2	-4	-4	-4	-3	-4	-4	-2	-4	-1	-2	-3	0	4	-1	0	-1	5	3	
11	L	-3	-4	0	4	0	1	5	-1	-4	-3	-3	-2	1	-4	-3	-3	-4	-3	-4	-4	
12	V	-1	-4	1	1	4	6	-1	-3	-3	-2	-2	-1	-2	-3	-2	-3	-3	-3	-4	-3	
13	A	5	3	-2	-3	-1	-2	-3	-3	-2	-1	0	-1	-3	-2	-2	-2	-2	-2	-2	-2	
14	R	-2	-3	-2	-1	-2	4	-3	-3	-3	-3	-1	-2	-2	-1	0	-1	3	5	-2	-1	
15	V	-1	-3	1	-1	4	-1	-2	-3	-2	-2	0	4	-2	-2	-2	-3	-2	-3	-3	-2	
16	E	-1	-2	-4	-3	-3	-2	-4	-4	-2	-3	2	-1	-3	-1	1	-1	3	0	0	4	
17	K	-1	-3	2	-1	2	-1	-2	-4	-2	-2	2	0	-2	-2	-1	-2	3	-1	-2	-1	
18	A	3	-2	-1	-2	2	-1	-3	-3	-2	-2	0	-1	-2	-2	-1	-2	0	3	-3	-2	
19	L	-2	-5	1	5	0	2	0	-2	-4	-2	-3	-2	-2	-4	-3	-4	-3	-3	-5	-4	
20	S	2	3	-3	-3	-2	-2	-3	-3	-2	-2	4	0	-3	-1	-1	-2	-1	-2	-1	-1	
21	G	-1	4	-4	-4	-4	-2	-4	-3	-3	-4	-1	-2	-3	-1	3	-1	0	3	-2	-1	
22	F	-3	-4	-1	0	-2	-1	8	0	-5	-3	-3	-3	3	-4	-4	-2	-4	-4	-4	-4	
23	G	0	7	-5	-5	-4	-4	-4	-3	-3	-3	-1	-2	-4	-1	-3	-3	-2	-3	-2	-3	
24	F	-3	-4	-1	-1	-2	-1	7	1	-4	-3	-3	-3	5	-4	-3	-1	-4	-3	-4	-4	
25	T	-1	3	-3	-3	-2	-2	-3	-3	-2	-2	0	4	-1	-1	-1	5	-2	-2	-2	-2	
26	G	0	4	-4	-4	-3	-3	-4	-4	-2	-3	2	-1	-3	-1	-1	-2	3	-1	-2	-1	
27	D	-2	-2	-2	-2	-2	-2	0	-1	-2	-2	-1	-1	4	0	-1	0	-1	-2	5	0	
28	N	-2	-1	-4	-4	-4	-3	-4	-5	-3	-4	0	-1	-3	7	-1	0	-1	-1	1	-1	
29	T	0	-2	-2	-2	-1	-2	-3	-3	-2	-2	3	5	-2	0	-1	-2	-1	-2	-2	-1	
30	L	-2	-5	4	4	1	1	0	-3	-4	-2	-3	-2	-2	-4	-3	-4	-3	-3	-4	-4	
31	A	3	-2	0	2	2	0	-2	-3	-2	-1	-1	-1	-2	-3	-2	-3	-2	-3	-3	-2	
32	A	4	-2	-1	0	0	6	-2	-3	-2	-2	0	-1	-2	-3	-1	-2	-2	-2	-3	-2	
33	T	-1	-2	-1	-2	-1	-1	-3	-3	-2	-2	1	6	-2	-1	-1	-2	-1	-2	-2	-2	
34	S	0	-1	-4	-4	-3	-3	-3	-4	-2	-2	4	0	-3	5	-1	-1	-1	-1	0	-1	
35	L	-2	-4	1	4	0	1	4	-1	-4	-2	-3	-2	0	-4	-3	-3	-3	-3	-4	-4	
36	C	-1	-3	-2	-2	-2	-2	-3	-3	-4	10	-2	-2	-3	-4	-4	-4	-4	-4	-4	-5	
37	R	-1	-2	-4	-3	-3	-2	-4	-4	-2	-3	2	-1	-2	-1	0	-1	1	6	-2	-1	
38	D	-3	-2	-4	-5	-4	-4	-4	-5	-2	-4	-1	-2	-4	1	-1	-2	-1	-2	7	1	
39	E	-2	-3	-4	-4	-3	-3	-4	-4	-2	-5	-1	-2	-3	-1	1	-1	0	-1	1	6	
40	V	-1	-4	2	0	6	0	-2	-4	-3	-2	-2	-1	-2	-4	-3	-4	-3	-3	-4	-3	
41	T	-1	-2	-2	-2	-1	-2	-3	-4	-2	-2	1	5	-2	4	-1	-2	-1	-2	-1	-1	
42	R	-2	-3	-4	-3	-3	-2	-4	-3	-2	-4	-1	-2	-2	-1	5	-1	1	5	-2	0	
43	P	-1	-3	0	-1	3	-1	-3	-4	6	-2	-2	-1	-3	-3	-2	-3	-2	-3	-3	-2	
44	L	-2	-4	1	4	2	1	0	-3	-4	-2	-3	-2	-2	-4	-3	-4	-3	-3	-4	-4	
45	E	-2	-3	-4	-3	-3	-2	-4	-4	-2	-4	-1	-1	-3	-1	1	-1	4	1	0	5	
46	D	-2	-2	-3	-3	-3	-2	-4	-4	-2	-3	0	3	-3	0	3	-1	-1	-1	5	1	
47	D	-2	-2	-4	-4	-4	-3	-4	-4	-2	-4	-1	-2	-3	0	0	-2	4	0	5	1	
48	F	-3	-4	4	0	1	0	6	-1	-4	-3	-3	-2	1	-4	-4	-3	-4	-4	-4	-4	
49	E	2	3	-4	-3	-3	-3	-4	-3	-2	-3	0	-1	-3	-1	0	-2	-1	-2	0	4	
50	A	3	-1	-3	-3	-2	-2	-4	-4	-2	-2	0	-1	-3	-1	0	-2	3	0	-1	3	
51	V	2	-3	3	-1	3	-1	-2	-4	-2	-2	-1	-1	-2	-2	-1	-2	-2	-2	-2	3	
52	F	-3	-4	-1	-1	-2	-1	7	1	-4	-3	-3	-3	5	-4	-3	-1	-4	-3	-4	-4	
53	G	-1	6	-4	-4	-4	-3	-4	-3	-3	-3	-1	-2	-3	-1	-1	-2	3	-1	-2	-2	
54	S	-1	-2	-3	-4	-3	-3	-4	-4	-2	-3	3	0	-3	0	0	-2	3	0	3	0	
55	S	0	-2	-3	-3	-2	-2	-3	-3	-2	-2	4	3	-1	0	-1	5	-1	-1	-1	-1	
56	F	-3	-4	-1	0	-2	-1	8	0	-5	-3	-3	-3	3	-4	-4	-2	-4	-4	-4	-4	
57	N	-1	-1	-3	-3	-2	-2	-3	-4	-2	-2	3	3	-3	5	-1	-1	-1	-1	0	-1	
58	T	-1	-3	0	2	0	5	-1	-3	-3	-2	-1	4	-2	-2	-2	-3	-2	-2	-3	-2	
59	G	-1	5	-4	-4	-4	-3	-4	-4	-3	-3	0	-1	-3	5	-2	-1	-2	-2	0	-2	
60	G	0	7	-5	-5	-4	-4	-4	-3	-3	-3	-1	-2	-4	-1	-3	-3	-2	-3	-2	-3	
61	L	-2	-5	1	5	0	2	0	-2	-4	-2	-3	-2	-2	-4	-3	-4	-3	-3	-5	-4	
62	A	4	4	-3	-3	-2	-2	-3	-3	-2	-2	0	-1	-3	-2	-2	-3	-2	-3	-2	-2	
63	G	2	6	-4	-4	-3	-3	-4	-3	-3	-3	-1	-2	-4	-1	-2	-3	-2	-3	-2	-3	
64	F	-2	-4	1	0	3	0	6	-1	-4	-2	-3	-2	1	-4	-4	-3	-4	-3	-4	-4	
65	P	-2	-4	-1	3	-1	0	-2	-3	6	-3	-2	-2	-3	-3	-2	-3	-2	-3	-3	-3	
66	F	-2	-3	-1	-1	-1	-1	6	-1	-3	-2	-1	4	1	-2	-3	-2	-2	-3	-3	-3	
67	C	0	3	-3	-3	-2	-2	-3	-3	-3	8	2	-1	-3	-2	-2	-3	-2	-3	-2	-3	
68	G	0	7	-5	-5	-4	-4	-4	-3	-3	-3	-1	-2	-4	-1	-3	-3	-2	-3	-2	-3	
69	V	-1	-4	2	2	5	1	-1	-3	-3	-2	-3	-1	-2	-4	-3	-4	-3	-3	-4	-3	
70	T	-1	-2	-1	-2	-1	-1	-3	-3	-2	-2	1	6	-2	-1	-1	-2	-1	-2	-2	-2	
71	G	0	7	-5	-5	-4	-4	-4	-3	-3	-3	-1	-2	-4	-1	-3	-3	-2	-3	-2	-3	
72	F	-2	-4	0	1	-1	6	6	-1	-4	-3	-3	-2	1	-3	-2	-2	-3	-3	-4	-3	
73	G	-1	5	-4	-4	-4	-3	-4	-4	-2	-4	-1	-2	-3	-1	-1	-2	4	0	-2	-1	
74	A	5	0	-2	-2	-1	-2	-3	-3	-2	-1	1	-1	-3	-2	-2	-2	-1	-2	-3	-2	
75	M	-1	4	-1	0	-1	6	-2	-3	-3	-3	-2	-2	-3	-2	-2	-3	-2	-3	-3	-3	
76	A	4	-2	0	3	0	0	-1	-3	-2	-1	-1	-1	-2	-3	-2	-3	-2	-3	-3	-2	
77	S	0	3	-4	-4	-3	-2	-4	-4	-2	-3	3	0	-3	0	-1	-2	3	-1	-1	-1	
78	H	-2	-3	-4	-4	-4	-2	-2	-3	-3	-4	-2	-2	1	0	0	9	-1	-1	-2	-1	
79	I	-1	-2	4	0	1	0	-2	-3	-2	-2	3	0	-2	-2	-2	-3	-2	-3	-2	-2	
80	P	-2	-3	-4	-4	-3	-3	-5	-5	8	-4	-2	-2	-4	-3	-2	-3	-2	-3	-2	-2	
81	D	-1	4	-4	-5	-4	-4	-4	-4	-3	-4	-1	-2	-4	0	-2	-2	-2	-3	5	0	
82	G	-1	5	-4	-4	-4	-3	-4	-3	-3	-4	-1	-2	-3	-1	-1	-2	0	5	-2	-2	
83	G	-1	5	-4	-4	-4	-3	-4	-3	-2	-4	-1	-2	-3	-1	0	-2	-1	-2	0	4	
84	S	0	-2	-3	-3	-3	-2	-3	-4	-2	-3	4	0	-2	0	0	-1	1	5	-2	-1	
85	C	-2	-4	-2	-2	-2	-2	1	0	-4	8	-2	-2	6	-3	-3	-1	-3	-3	-4	-4	
86	L	-2	-4	2	4	4	1	-1	-3	-3	-2	-3	-1	-2	-4	-3	-4	-3	-3	-4	-3	
87	F	-2	-4	1	2	2	0	5	-1	-4	-2	-3	-2	1	-4	-3	-3	-4	-3	-4	-4	
88	F	-2	-4	3	0	3	0	5	-1	-4	-2	-3	-2	1	-4	-4	-3	-4	-4	-4	-4	
89	Y	3	-2	-2	-2	-1	-2	1	0	-3	-2	-1	-1	6	-3	-2	0	-2	-2	-3	-2	
90	G	-1	5	-2	-2	-3	-2	5	-1	-4	-3	-2	-3	1	-2	-3	-2	-3	-3	-3	-3	
91	P	-1	-2	-3	-4	-3	-3	-4	-4	7	-3	2	-1	-3	-2	-2	-3	-1	-2	-2	-2	
92	H	-2	-3	-4	-4	-4	-2	-2	-3	-3	-4	-2	-2	1	0	0	9	-1	-1	-2	-1	
93	V	-1	-4	4	1	4	0	-1	-4	-3	-2	-3	-1	-2	-4	-3	-4	-3	-4	-4	-4	
94	G	3	5	-3	-3	-2	-3	-4	-3	-2	-2	0	-1	-3	-2	-2	-3	-2	-3	-2	-2	
95	V	-1	-4	4	1	4	0	-1	-4	-3	-2	-3	-1	-2	-4	-3	-4	-3	-4	-4	-4	
96	N	-1	-1	-4	-4	-3	-3	-4	-4	-2	-3	2	0	-3	5	-1	-1	-1	-2	4	0	
97	S	-1	-2	-1	2	-2	-1	-1	8	-3	-2	3	-1	-1	-2	-2	-2	-2	-2	-2	-2	
98	E	-2	-3	-4	-4	-3	-3	-4	-4	-2	-4	-1	-2	-3	0	1	-1	0	-1	4	5	
99	G	0	7	-5	-5	-4	-4	-4	-3	-3	-3	-1	-2	-4	-1	-3	-3	-2	-3	-2	-3	
100	E	-2	-2	-4	-4	-3	-3	-4	-4	-2	-4	-1	-1	-3	4	1	-1	3	0	0	4	
101	V	-2	-4	1	0	4	4	-1	8	-4	-2	-3	-1	0	-4	-2	-3	-3	-3	-4	-3	
102	G	0	7	-5	-5	-4	-4	-4	-3	-3	-3	-1	-2	-4	-1	-3	-3	-2	-3	-2	-3	
103	T	3	-1	-2	-2	-1	-1	-3	-3	-2	-1	1	4	-2	-1	-1	-2	-1	-2	-2	-2	
104	V	-1	-4	3	2	4	1	-1	-3	-3	-2	-3	-1	-2	-4	-3	-4	-3	-3	-4	-4	
105	S	2	-1	-3	-3	-2	-2	-3	-4	-2	-2	4	0	-3	4	-1	-1	-1	-2	-1	-1	
106	R	-2	-3	-4	-3	-3	-2	-4	-4	-3	-4	-1	-2	-2	-1	0	-1	2	7	-2	-1	
107	R	-2	-3	-4	-3	-3	-3	-4	-4	6	-4	-1	-2	-3	-2	0	-2	1	5	-2	-1	
108	G	0	7	-5	-5	-4	-4	-4	-3	-3	-3	-1	-2	-4	-1	-3	-3	-2	-3	-2	-3	
109	R	-2	-3	-4	-3	-3	-2	-4	-4	-3	-4	-1	-2	-2	-1	0	-1	2	7	-2	-1	
110	E	-2	-3	-4	-4	-3	-3	-4	-4	6	-4	-1	-2	-3	-2	0	-2	-1	-2	0	5	
111	K	-1	-2	-4	-3	-3	-2	-4	-4	-2	-4	-1	-1	-3	-1	1	-1	6	2	-1	0	
112	G	-1	5	-2	-2	-2	4	-3	-3	-3	-3	-1	-2	-3	-1	3	-2	-1	-2	-2	-1	
113	G	0	5	-4	-4	-3	-3	-4	-3	-2	-2	3	0	-3	-1	-2	-2	-2	-2	-1	-2	
114	C	2	-2	-2	-2	-1	-2	-3	-3	-2	8	0	3	-3	-2	-2	-3	-2	-3	-3	-3	
115	C	3	-2	-2	-2	-1	-2	-3	-3	-2	8	0	-1	-3	-3	-3	-3	-3	-3	-3	-3	
116	C	-1	-3	-2	-2	-2	-2	-3	-3	-4	10	-2	-2	-3	-4	-4	-4	-4	-4	-4	-5	
117	G	0	7	-5	-5	-4	-4	-4	-3	-3	-3	-1	-2	-4	-1	-3	-3	-2	-3	-2	-3	
118	S	4	-1	-3	-3	-2	-2	-3	-3	-2	-1	4	0	-2	-1	-1	-2	-1	-2	-2	-1	
119	A	4	-2	0	3	0	0	-1	-3	-2	-1	-1	-1	-2	-3	-2	-3	-2	-3	-3	-2	
120	V	-1	-4	1	2	4	0	-2	-3	-3	-2	-2	-1	-2	-3	3	-3	-2	-2	-3	-2	
121	A	5	-1	-2	-2	-1	-2	-3	-3	-2	-2	0	-1	-3	-2	-1	-2	2	-1	-2	-1	
122	A	4	-2	2	-1	0	-1	-2	-3	-2	6	0	-1	-3	-3	-2	-3	-2	-3	-3	-3	
123	A	4	-2	0	3	0	0	-1	-3	-2	-1	-1	-1	-2	-3	-2	-3	-2	-3	-3	-2	
124	Q	-1	3	-1	-2	1	-2	-3	-3	-3	-3	-1	-1	-3	3	3	-1	-1	-1	-1	-1	
125	A	3	-2	-2	-2	-2	-2	0	-1	-2	-2	0	-1	4	-2	-1	-1	-1	-2	-2	2	
126	V	-2	-4	3	2	3	0	4	-2	-4	-2	-3	-2	0	-4	-3	-3	-3	-3	-4	-4	
127	K	-1	-2	-3	-3	-2	-2	-3	-4	-2	-2	3	3	-2	-1	0	-2	4	0	-1	0	
128	Q	2	-2	-1	-2	2	-1	-3	-3	-2	-2	-1	-1	-2	-2	4	-2	3	0	-2	0	
129	A	2	-2	-1	-2	2	-2	-3	-4	-2	-2	-1	-1	-3	-1	-1	-2	-1	-2	3	3	
130	G	-2	4	-2	-2	-3	-2	4	0	-4	-3	-2	-2	5	-2	-3	-1	-3	-3	-3	-3	
131	V	-1	-3	0	-1	3	-1	-3	-4	-3	-2	-1	-1	-2	3	3	-1	-1	-1	-1	-1	
132	A	2	3	-3	-4	-3	-3	-4	-4	-2	-3	0	-2	-3	-1	-1	-2	-1	-2	3	3	
133	T	2	-2	-3	-3	-2	-2	-3	-4	-2	-2	0	3	-3	-1	0	-2	3	0	-1	3	
134	A	4	-1	-1	2	-1	-1	-2	-3	-2	-1	2	-1	-2	-2	-2	-2	-2	-2	-2	-2	
135	D	-2	-3	-1	-2	2	-2	-3	-4	-3	6	-1	-1	-3	-1	-2	-3	-2	-3	5	0	
136	E	-1	-1	-2	-2	-1	-1	-2	-2	5	-2	0	-1	-1	-1	0	-1	0	-1	0	3	
137	V	2	-2	-1	-2	2	-1	-3	-4	-2	-2	-1	-1	-2	-2	-1	-2	3	3	-2	-1	
138	Y	2	-3	-1	-2	2	-1	0	-1	4	-2	-1	-1	4	-3	-2	-1	-2	-3	-3	-2	
139	P	2	-2	-3	-3	-2	-2	-4	-4	6	-3	-1	-1	-3	-2	-1	-2	0	3	-2	-1	
140	G	-1	4	-1	-2	2	-2	0	-1	-3	-3	-2	-2	4	-2	-3	-1	-3	-3	-3	-3	
141	S	-1	-3	0	1	2	-1	-2	-4	4	-2	2	-1	-2	-2	-2	-3	-2	-3	-2	-2	
142	H	-2	-2	-4	-4	-4	-3	-3	-4	-3	-4	-1	-2	0	4	0	7	-1	-1	0	3	
143	D	-1	-2	-4	-4	-3	-3	-4	-5	-2	-3	2	-1	-3	1	-1	-2	-1	-2	6	1	
144	P	-1	-2	-3	-4	-3	-3	-4	-4	7	-3	2	-1	-3	-2	-2	-3	-1	-2	-2	-2	
145	L	-2	-4	3	4	1	5	0	-3	-4	-2	-3	-2	-2	-4	-2	-3	-3	-3	-4	-4	
146	D	-2	-2	-4	-4	-4	-4	-4	-5	-2	-4	-1	-2	-4	0	0	-2	-1	-2	6	3	
147	A	4	-1	-3	-3	-2	-2	-4	-4	6	-2	0	-1	-3	-3	-2	-3	-2	-2	-2	-2	
148	Q	-2	-3	-4	-3	-3	-2	-4	-3	-2	-4	-1	-1	-2	-1	5	0	0	0	0	4	
149	Q	-2	-3	-2	1	-2	0	0	-1	-3	-3	-2	-2	4	-2	5	0	0	-1	-2	0	
150	G	-1	3	-1	2	-1	-1	-2	-3	-2	-2	2	2	-3	-1	-2	-3	-2	-2	-2	-2	
151	Y	-2	-4	4	0	1	0	1	0	-4	-3	-3	-2	6	-3	-3	0	-3	-3	-4	-3	
152	V	-1	-4	2	3	4	1	-1	-3	-3	-2	-3	-1	-2	-4	-3	-4	-3	-3	-4	-3	
153	R	-1	3	-4	-3	-3	-2	-4	-3	-2	-4	-1	-2	-3	-1	3	-1	3	4	-2	0	
154	Q	-2	-2	-4	-4	-3	-2	-4	-4	-2	-4	-1	-1	-3	4	5	0	0	-1	4	1	
155	M	-2	-3	-1	0	-1	6	-2	-3	-3	-3	-2	-2	-2	-2	0	-2	0	5	-3	-2	
156	L	-2	-5	1	5	0	2	0	-2	-4	-2	-3	-2	-2	-4	-3	-4	-3	-3	-5	-4	
157	A	3	-2	-1	2	-1	-1	-2	-3	-2	-2	-1	-1	-2	-2	-1	-2	-1	3	-3	-2	
158	P	-2	-3	-4	-3	-3	-3	-4	-4	6	-4	-1	-2	-3	-2	-1	-2	0	5	-2	-1	
159	Y	-2	-4	-3	-2	-3	-2	1	0	-3	-4	-2	-2	6	-2	-1	0	0	5	-3	-2	
160	A	4	-2	3	-1	2	-1	-2	-3	-2	-1	-1	-1	-2	-3	-2	-3	-2	-3	-3	-2	
161	E	2	-2	-3	-3	-2	-2	-4	-4	-2	-3	0	-1	-3	-1	1	-1	0	-1	0	5	
162	K	-1	-3	-3	-3	-2	-2	-4	-4	-2	-3	0	3	-2	-1	0	-2	4	4	-2	0	
163	L	-2	-5	3	4	1	1	0	-3	-4	-2	-3	-2	-2	-4	-3	-4	-3	-3	-4	-4	
164	D	-1	3	-4	-4	-3	-3	-4	-4	-2	-3	2	-1	-3	0	-1	-2	-1	-2	5	0	
165	E	-2	-2	-1	-2	1	-2	-3	-4	4	-3	-1	-1	-3	3	-1	-1	-1	-2	0	3	
166	A	4	-1	-3	-3	-2	-2	-3	-3	-2	-2	2	0	-2	-1	3	-2	-1	-1	-2	0	
167	E	-2	-3	-2	1	-2	-1	-3	-3	-2	-3	-1	-2	-2	-1	4	-1	3	0	-1	3	
168	D	-2	-3	-1	2	-1	4	-2	-4	-3	-3	-2	-2	-3	-1	-1	-2	-2	-2	5	0	
169	D	2	-2	-1	-2	2	-2	-3	-4	-2	-2	-1	-1	-3	-1	-2	-2	-2	-3	5	0	
170	M	-2	-4	1	4	0	6	0	-2	-3	-2	-3	-2	-2	-3	-2	-3	-3	-2	-4	-3	
171	V	-1	-3	1	-1	4	-1	-3	-4	6	-2	-2	-1	-3	-3	-3	-3	-2	-3	-3	-3	
172	T	0	3	-3	-3	-2	-2	-3	-3	-2	-3	2	3	-3	-1	0	-2	-1	-2	-1	3	
173	L	-2	-5	1	5	0	2	0	-2	-4	-2	-3	-2	-2	-4	-3	-4	-3	-3	-5	-4	
174	P	-1	-3	-2	-3	-2	-2	-4	-4	6	-3	0	4	-3	-2	-2	-3	-2	-2	-2	-2	
175	V	2	-2	0	-1	2	-1	0	-1	-2	-2	2	-1	4	-2	-2	-1	-2	-2	-3	-2	
176	S	2	-2	0	2	2	0	-2	-3	-2	-2	2	0	-2	-2	-2	-3	-2	-2	-3	-2	
177	A	3	-2	0	-1	2	-1	-3	-3	-2	-1	0	3	-2	-2	-2	-3	-2	-2	-3	-2	
178	Y	-2	-3	-3	-3	-2	-2	1	0	-3	-4	-2	-2	6	-2	0	0	-1	-2	-1	4	
179	R	-2	-3	-4	-4	-3	-3	-4	-4	-2	-4	-1	-2	-3	0	0	-1	1	5	4	3	
180	T	2	-2	-2	-2	-1	-2	-3	-4	4	-2	0	4	-3	-2	-2	-3	-1	-2	-2	-2	
181	I	-2	-4	4	2	1	1	-1	-3	-3	-2	-2	-2	-2	-3	3	-2	-2	-2	-3	-1	
182	Q	-1	-2	-3	-3	-2	-2	-4	-4	-2	-3	2	3	-3	0	3	-1	-1	-1	3	0	
183	D	-2	-2	-4	-4	-4	-3	-4	-5	-2	-4	-1	-2	-4	0	0	-2	3	-1	6	1	
184	L	-2	-3	0	3	-1	0	-1	-3	-3	-3	-2	-2	-3	-1	-2	-3	-2	-3	5	-1	
185	L	-2	-4	1	4	3	5	-1	-3	-3	-2	-3	-1	-2	-4	-2	-3	-3	-3	-4	-3	
186	E	-1	-3	-3	-3	-2	-2	-4	-3	-2	-3	0	3	-3	-1	4	-1	0	-1	0	4	
187	Y	-2	-3	-3	-2	-3	-2	1	0	-3	-4	-2	-2	6	-2	0	0	3	4	-3	-1	
188	I	-2	-5	5	4	1	1	-1	-3	-4	-2	-3	-2	-2	-4	-3	-4	-3	-3	-4	-4	
189	I	-2	-4	4	3	3	1	-1	-3	-4	-2	-3	-1	-2	-4	-3	-4	-3	-3	-4	-4	
190	E	2	-2	-3	-3	-3	-3	-4	-4	-2	-3	0	-1	-3	-1	0	-1	-1	-1	4	4	
191	K	-1	-2	-4	-3	-3	-2	-4	-4	-2	-4	-1	-1	-3	-1	1	-1	5	1	-1	3	
192	G	3	5	-3	-3	-2	-3	-4	-3	-2	-2	0	-1	-3	-2	-2	-3	-2	-3	-2	-2	
193	V	0	-3	0	-1	3	-1	-2	-4	-3	6	2	0	-2	-2	-2	-3	-2	-3	-3	-3	
194	N	-2	3	-4	-4	-4	-3	-4	-4	-3	-4	0	-1	-3	5	-1	-1	-1	-2	3	-1	
195	P	-2	-3	-4	-4	-3	-3	-3	-4	6	-4	-1	-2	-1	-1	-1	5	3	-1	-2	-1	
196	I	-1	-2	3	0	3	0	-1	-1	-1	-1	-1	0	-1	-1	-1	-2	-1	-1	-1	-1	
197	D	-1	3	-2	-2	-2	-2	-2	-2	-1	-2	0	-1	-2	0	-1	-1	-1	-1	4	0	
198	G	3	5	-3	-3	-2	-3	-4	-3	-2	-2	0	-1	-3	-2	-2	-3	-2	-3	-2	-2	
199	D	-2	-2	-1	-2	2	-2	-3	-4	-2	-3	-1	2	-3	0	-1	-2	-2	-2	5	0	
200	G	2	5	-4	-4	-3	-3	-4	-3	-2	-2	2	-1	-3	-1	-2	-2	-2	-2	-2	-2	
201	D	-2	-2	-4	-4	-3	-2	-4	-4	-2	-4	-1	-2	-3	0	4	-1	3	0	5	1	
202	I	-2	-4	4	0	1	0	1	0	-4	-2	-3	-2	6	-3	-3	-1	-3	-3	-4	-3	
203	A	5	0	-2	-2	-1	-2	-3	-3	-2	-1	1	-1	-3	-2	-2	-2	-1	-2	-3	-2	
204	V	-1	-4	2	2	5	1	-1	-3	-3	-2	-3	-1	-2	-4	-3	-4	-3	-3	-4	-3	
205	I	-2	-4	4	3	3	1	-1	-3	-4	-2	-3	-1	-2	-4	-3	-4	-3	-3	-4	-4	
206	G	-1	5	-3	-3	-2	-2	-3	-3	-2	-2	0	4	-3	-1	-2	-3	-2	-2	-2	-2	
207	G	0	7	-5	-5	-4	-4	-4	-3	-3	-3	-1	-2	-4	-1	-3	-3	-2	-3	-2	-3	
208	V	-1	-4	4	3	4	1	-1	-3	-3	-2	-3	-1	-2	-4	-3	-4	-3	-3	-4	-4	
209	Q	-2	-3	-4	-3	-3	-1	-4	-3	-2	-4	-1	-1	-2	-1	6	0	1	0	0	3	
210	I	-2	-5	6	1	2	1	-1	-3	-4	-2	-3	-1	-2	-4	-4	-4	-4	-4	-4	-4	
211	N	-2	-2	-4	-4	-4	-3	-3	-4	-3	-4	-1	-1	0	5	0	7	-1	-1	0	-1	
212	T	-1	-2	-2	-3	-2	-2	-3	-4	-2	-2	0	4	-3	5	-1	-1	-1	-1	0	-1	
213	P	-2	-3	-4	-3	-3	-3	-1	9	6	-3	-2	-2	0	-3	-2	-3	-3	-3	-3	-3	
214	A	4	3	-3	-3	-2	-2	-3	-3	-2	-2	0	-1	-3	-2	-1	-2	3	-1	-2	-1	
215	E	2	3	-3	-3	-3	-2	-4	-4	-2	-3	0	-1	-3	-1	0	-2	2	-1	-1	3	
216	S	0	-2	-1	-1	-1	4	-2	-3	-2	6	3	0	-2	-1	-1	-2	-2	-2	-2	-2	
217	S	-1	-3	2	0	0	4	-2	-3	4	-2	2	-1	-2	-2	-2	-3	-2	-2	-2	-2	
218	D	-2	-2	-4	-4	-4	-3	-4	-4	-2	-4	-1	-2	-3	0	0	-1	-1	-2	5	4	
219	F	-3	-4	-1	-1	-2	-1	7	1	-4	-3	-3	-3	5	-4	-3	-1	-4	-3	-4	-4	
220	F	-2	-4	3	0	2	0	6	-1	-4	-2	-3	-2	1	-4	-4	-3	-4	-4	-4	-4	
221	A	3	-2	0	2	2	0	-2	-3	-2	-1	-1	-1	-2	-3	-2	-3	-2	-3	-3	-2	
222	P	-1	-3	-1	-2	2	-2	-3	-4	7	-3	-2	-1	-3	-3	-2	-3	-2	-3	-3	-2	
223	R	2	-2	-1	2	-1	0	-2	-3	-2	-2	-1	2	-2	-2	-1	-2	-1	3	-3	-2	
224	R	-2	-3	-4	-3	-3	-2	-4	-4	-2	-4	-1	-2	-3	-1	1	-1	4	5	-2	0	
225	F	2	-3	-1	-1	-1	-1	6	-1	-3	6	-2	-2	1	-3	-3	-2	-3	-3	-4	-3	
226	Y	-2	-3	-2	-2	-2	-2	1	0	-3	6	-2	-2	6	-2	-1	0	-2	-2	-2	3	
227	V	-1	-4	3	0	4	0	-2	-4	-3	-2	-1	2	-2	-3	-3	-4	-3	-3	-3	-3	
228	R	-1	-3	0	-1	3	-1	-3	-4	-3	-3	-2	-1	-2	-2	-1	-2	0	5	-3	-2	
229	D	-2	-3	0	-1	3	-1	-3	-4	-3	-3	-2	-1	-3	-1	-2	-3	-2	-3	5	0	
230	N	-1	-1	-4	-4	-3	-3	-4	-4	-2	-3	3	0	-3	6	-1	0	-1	-1	0	-1	
231	S	0	-1	-2	-1	-1	-1	-2	-1	-1	-1	3	0	-1	0	4	0	0	0	0	0	
232	G	-1	3	-2	-2	-2	-1	-2	-2	-1	-2	0	-1	-1	4	-1	-1	-1	-1	0	-1	
233	N	-1	4	-4	-4	-4	-3	-4	-4	-3	-3	0	-1	-3	5	-1	-1	-1	-2	0	-2	
234	V	-1	-4	2	2	4	5	-1	-3	-3	-2	-3	-1	-2	-4	-2	-3	-3	-3	-4	-3	
235	K	-1	-3	0	2	2	0	-2	-3	-3	-3	-2	-1	-2	-2	-1	-2	4	0	-3	-1	
236	T	-1	-2	-3	-3	-2	-2	-4	-4	-2	-3	0	4	-3	0	0	-2	-1	-2	4	3	
237	N	-2	-2	-4	-3	-3	-2	-1	-2	-3	-4	-1	-1	4	5	-1	5	-1	-1	0	-1	
238	L	-2	-4	3	4	0	1	4	-2	-4	-2	-3	-2	0	-4	-3	-3	-3	-3	-4	-4	
239	D	-2	-3	-1	2	-1	4	-2	-3	-3	-3	-2	-2	-3	-1	-1	-2	-2	-2	5	-1	
